    1  540.7338    0.2635
    2  539.7455    0.2632
    3  540.4491    0.2634
    4  541.2379    0.2642
    5  540.8737    0.2643
    6  541.2622    0.2639
    7  539.7383    0.2626
    8  540.0573    0.2638
    9  539.9031    0.2634
   10  540.2185    0.2634
   11  539.5600    0.2633
   12  539.4283    0.2633
   13  539.6536    0.2633
   14  541.2249    0.2646
   15  541.5670    0.2645
   16  541.0156    0.2643
   17  541.7618    0.2648
   18  542.5581    0.2650
   19  542.1166    0.2641
   20  542.0312    0.2643
   21  542.7470    0.2644
   22  541.2724    0.2634
   23  541.2546    0.2632
   24  540.3665    0.2637
   25  538.7045    0.2632
   26  541.1229    0.2640
   27  540.8849    0.2643
   28  541.1814    0.2640
   29  540.9962    0.2637
   30  542.1509    0.2638
   31  541.6501    0.2637
   32  540.9154    0.2637
   33  540.3148    0.2630
   34  539.8372    0.2628
   35  540.1208    0.2628
   36  539.4318    0.2631
   37  540.2295    0.2636
   38  541.4182    0.2644
   39  542.7486    0.2643
   40  542.4436    0.2645
   41  540.9792    0.2643
   42  541.5559    0.2643
   43  544.5370    0.2659
   44  544.4799    0.2646
   45  543.1343    0.2634
   46  542.8260    0.2632
   47  543.1488    0.2636
   48  543.6859    0.2644
   49  542.9854    0.2641
   50  540.4964    0.2633
   51  539.6589    0.2631
   52  541.2601    0.2639
   53  540.0820    0.2630
   54  540.4948    0.2626
   55  541.9799    0.2634
   56  539.7837    0.2628
   57  540.0494    0.2625
   58  540.8426    0.2628
   59  540.8065    0.2630
   60  540.6780    0.2628
   61  540.6091    0.2628
   62  540.5072    0.2632
   63  540.0578    0.2628
   64  539.7066    0.2623
   65  539.6833    0.2620
   66  538.5208    0.2616
   67  539.7232    0.2620
   68  539.5582    0.2624
   69  541.9521    0.2640
   70  541.0902    0.2631
   71  541.2759    0.2628
   72  540.5438    0.2631
   73  540.3563    0.2633
   74  541.3708    0.2635
   75  541.4125    0.2634
   76  540.6824    0.2629
   77  541.1263    0.2635
   78  539.3499    0.2628
   79  539.0110    0.2627
   80  539.5163    0.2626
   81  539.7180    0.2632
   82  538.8605    0.2629
   83  538.9345    0.2626
   84  540.0721    0.2630
   85  541.2903    0.2637
   86  541.2853    0.2637
   87  540.8171    0.2634
   88  541.3427    0.2643
   89  540.6565    0.2642
   90  541.6186    0.2641
   91  541.8875    0.2637
   92  540.9977    0.2638
   93  538.8094    0.2627
   94  537.9933    0.2624
   95  537.8595    0.2613
   96  536.7772    0.2608
   97  537.4409    0.2610
   98  541.1179    0.2636
   99  540.0792    0.2634
  100  539.8098    0.2636
  101  540.1431    0.2635
  102  540.3192    0.2628
  103  539.3624    0.2625
  104  539.8365    0.2634
  105  541.1071    0.2639
  106  539.6094    0.2628
  107  540.7374    0.2633
  108  540.9697    0.2641
  109  540.6800    0.2637
  110  539.8394    0.2627
  111  540.4687    0.2628
  112  539.3298    0.2629
  113  538.7587    0.2626
  114  538.5213    0.2633
  115  539.6084    0.2638
  116  538.3405    0.2631
  117  540.8125    0.2639
  118  541.0334    0.2632
  119  540.0954    0.2626
  120  540.3653    0.2628
  121  541.2689    0.2637
  122  540.4466    0.2631
  123  541.6383    0.2639
  124  540.3846    0.2638
  125  539.8762    0.2627
  126  540.8178    0.2630
  127  540.4558    0.2631
  128  540.9826    0.2630
  129  540.3546    0.2631
  130  541.0814    0.2627
  131  541.1505    0.2627
  132  540.2170    0.2625
  133  541.8903    0.2641
  134  541.6042    0.2641
  135  540.9481    0.2633
  136  540.5390    0.2630
  137  541.2087    0.2633
  138  541.4948    0.2637
  139  541.2018    0.2632
  140  539.9235    0.2628
  141  539.3096    0.2627
  142  537.9958    0.2622
  143  539.1785    0.2631
  144  538.6905    0.2628
  145  538.8529    0.2628
  146  538.9721    0.2631
  147  539.1871    0.2637
  148  539.7702    0.2639
  149  538.1137    0.2626
  150  538.6420    0.2629
  151  538.9293    0.2629
  152  539.3024    0.2624
  153  539.4951    0.2627
  154  539.8127    0.2628
  155  541.5344    0.2638
  156  539.0580    0.2624
  157  540.4145    0.2638
  158  539.6805    0.2628
  159  539.1352    0.2626
  160  538.4364    0.2636
  161  537.7660    0.2621
  162  538.0797    0.2620
  163  539.8448    0.2629
  164  541.7080    0.2635
  165  541.6397    0.2641
  166  543.6921    0.2647
  167  542.8341    0.2645
  168  542.9596    0.2650
  169  542.0922    0.2640
  170  540.1575    0.2627
  171  540.3199    0.2627
  172  538.3997    0.2627
  173  539.4947    0.2630
  174  539.8818    0.2638
  175  541.5786    0.2646
  176  540.8152    0.2640
  177  540.1628    0.2637
  178  538.7343    0.2627
  179  539.2731    0.2625
  180  539.6685    0.2630
  181  540.6640    0.2635
  182  540.9382    0.2644
  183  541.5693    0.2643
  184  540.3436    0.2634
  185  540.5768    0.2645
  186  541.4602    0.2649
  187  539.8574    0.2639
  188  540.6858    0.2640
  189  542.3298    0.2642
  190  539.8154    0.2633
  191  540.3472    0.2638
  192  542.3823    0.2654
  193  543.0840    0.2648
  194  542.7787    0.2649
  195  542.5087    0.2647
  196  541.5688    0.2642
  197  541.2990    0.2639
  198  540.2184    0.2628
  199  541.6643    0.2638
  200  541.5672    0.2636
  201  542.8133    0.2646
  202  542.0421    0.2645
  203  540.6174    0.2639
  204  539.9759    0.2631
  205  540.2930    0.2635
  206  540.4550    0.2635
  207  539.2987    0.2628
  208  541.2725    0.2642
  209  539.3800    0.2634
  210  540.0167    0.2635
  211  538.3573    0.2626
  212  537.9277    0.2624
  213  539.1360    0.2630
  214  539.7243    0.2634
  215  539.7539    0.2635
  216  539.9840    0.2632
  217  540.2093    0.2629
  218  539.8854    0.2627
  219  541.8825    0.2634
  220  541.4601    0.2641
  221  541.4926    0.2638
  222  540.3977    0.2635
  223  540.9321    0.2637
  224  541.2496    0.2637
  225  541.1144    0.2638
  226  540.3032    0.2629
  227  539.2264    0.2626
  228  540.1136    0.2629
  229  539.8845    0.2634
  230  537.7385    0.2627
  231  537.0292    0.2620
  232  536.7324    0.2616
  233  537.9448    0.2618
  234  538.2610    0.2617
  235  537.6073    0.2611
  236  538.0871    0.2616
  237  539.1161    0.2621
  238  538.0461    0.2618
  239  538.2481    0.2622
  240  539.4245    0.2626
  241  541.1585    0.2644
  242  540.6301    0.2636
  243  539.1211    0.2632
  244  539.2586    0.2623
  245  541.4134    0.2637
  246  540.3803    0.2629
  247  540.0154    0.2631
  248  538.5353    0.2623
  249  539.7605    0.2623
  250  539.5467    0.2626
  251  541.4821    0.2637
  252  542.1971    0.2645
  253  542.9887    0.2644
  254  542.7696    0.2644
  255  541.9294    0.2641
  256  540.4822    0.2628
  257  542.6408    0.2645
  258  540.0814    0.2627
  259  540.1491    0.2629
  260  539.1348    0.2630
  261  541.2426    0.2638
  262  541.2662    0.2638
  263  540.0214    0.2632
  264  540.4088    0.2633
  265  540.0444    0.2629
  266  538.9050    0.2628
  267  539.3294    0.2630
  268  541.7621    0.2635
  269  539.4044    0.2632
  270  540.9570    0.2642
  271  541.4512    0.2642
  272  539.8635    0.2630
  273  542.8413    0.2645
  274  542.3483    0.2639
  275  541.7917    0.2636
  276  543.3375    0.2644
  277  542.9711    0.2639
  278  543.2156    0.2651
  279  542.1942    0.2641
  280  539.9744    0.2636
  281  540.4420    0.2638
  282  541.0995    0.2632
  283  540.4264    0.2634
  284  542.3226    0.2643
  285  541.4017    0.2642
  286  541.6498    0.2642
  287  541.5392    0.2644
  288  541.6722    0.2647
  289  541.6540    0.2647
  290  541.4918    0.2640
  291  541.0551    0.2630
  292  540.3664    0.2629
  293  540.2019    0.2627
  294  539.8820    0.2629
  295  538.3646    0.2617
  296  537.4858    0.2621
  297  537.5364    0.2621
  298  538.5151    0.2627
  299  537.4349    0.2617
  300  537.2962    0.2617
  301  538.8813    0.2621
  302  538.7837    0.2618
  303  538.9652    0.2610
  304  540.5061    0.2625
  305  539.0635    0.2615
  306  538.7812    0.2619
  307  540.7200    0.2628
  308  541.5731    0.2637
  309  540.9085    0.2640
  310  539.8429    0.2638
  311  538.9100    0.2629
  312  540.3808    0.2630
  313  540.2525    0.2632
  314  538.7179    0.2628
  315  539.5459    0.2629
  316  538.9854    0.2621
  317  539.8059    0.2628
  318  539.3247    0.2632
  319  540.6087    0.2641
  320  541.4550    0.2639
  321  538.3232    0.2618
  322  538.6552    0.2623
  323  539.1962    0.2625
  324  540.5969    0.2636
  325  539.7316    0.2630
  326  540.1682    0.2630
  327  541.3693    0.2630
  328  541.0659    0.2638
  329  539.8790    0.2634
  330  539.3521    0.2633
  331  539.2070    0.2625
  332  540.8037    0.2633
  333  538.7077    0.2628
  334  539.1998    0.2628
  335  538.8906    0.2625
  336  539.9267    0.2625
  337  541.1538    0.2638
  338  539.7059    0.2635
  339  539.1459    0.2629
  340  539.9723    0.2629
  341  538.9239    0.2619
  342  539.2026    0.2625
  343  538.9425    0.2622
  344  539.3712    0.2628
  345  540.9574    0.2641
  346  540.7525    0.2642
  347  541.5246    0.2646
  348  540.0752    0.2642
  349  540.4705    0.2635
  350  539.1179    0.2625
  351  536.7515    0.2615
  352  536.3536    0.2616
  353  536.5742    0.2612
  354  538.6914    0.2621
  355  538.3273    0.2622
  356  538.3883    0.2622
  357  538.2331    0.2624
  358  539.0554    0.2632
  359  541.0511    0.2643
  360  540.0480    0.2631
  361  540.5710    0.2638
  362  539.9128    0.2635
  363  539.8508    0.2627
  364  540.1965    0.2632
  365  538.6748    0.2626
  366  540.8117    0.2637
  367  540.8882    0.2638
  368  542.8580    0.2652
  369  540.1740    0.2642
  370  539.2133    0.2632
  371  539.0557    0.2634
  372  538.8901    0.2628
  373  539.1414    0.2634
  374  538.4343    0.2630
  375  538.7376    0.2625
  376  540.4773    0.2640
  377  541.9060    0.2643
  378  540.0101    0.2632
  379  539.9193    0.2631
  380  540.1785    0.2631
  381  541.3766    0.2633
  382  541.4987    0.2629
  383  541.7625    0.2636
  384  540.8336    0.2634
  385  540.6743    0.2630
  386  539.5960    0.2630
  387  538.8531    0.2629
  388  539.5137    0.2632
  389  539.3094    0.2630
  390  540.3562    0.2635
  391  540.7185    0.2639
  392  540.7634    0.2642
  393  539.5276    0.2631
  394  538.9328    0.2625
  395  537.9155    0.2622
  396  538.6999    0.2620
  397  540.3514    0.2639
  398  538.6874    0.2630
  399  538.5899    0.2630
  400  538.0394    0.2621
  401  538.0909    0.2620
  402  539.5629    0.2631
  403  540.1133    0.2636
  404  539.7283    0.2637
  405  539.6398    0.2636
  406  542.2579    0.2645
  407  539.7654    0.2623
  408  537.6447    0.2616
  409  539.5240    0.2623
  410  539.2156    0.2626
  411  541.4442    0.2634
  412  541.0880    0.2639
  413  539.2367    0.2630
  414  539.2448    0.2631
  415  541.1150    0.2642
  416  539.3953    0.2636
  417  540.8789    0.2650
  418  544.4143    0.2664
  419  541.4159    0.2643
  420  540.5705    0.2639
  421  539.3575    0.2640
  422  539.7384    0.2638
  423  539.5945    0.2637
  424  539.9431    0.2640
  425  542.1679    0.2650
  426  540.7181    0.2645
  427  539.6792    0.2637
  428  540.7860    0.2641
  429  541.9155    0.2647
  430  541.0658    0.2639
  431  543.3788    0.2653
  432  542.2549    0.2651
  433  541.3045    0.2640
  434  540.4136    0.2635
  435  539.1006    0.2624
  436  539.8115    0.2620
  437  539.0915    0.2622
  438  539.0178    0.2615
  439  539.2087    0.2616
  440  538.2211    0.2613
  441  538.5772    0.2621
  442  540.6462    0.2634
  443  541.1933    0.2638
  444  541.5287    0.2635
  445  540.4424    0.2629
  446  540.9123    0.2637
  447  540.2479    0.2635
  448  540.2854    0.2632
  449  539.6816    0.2630
  450  540.1069    0.2628
  451  540.6447    0.2633
  452  541.3228    0.2639
  453  540.1494    0.2634
  454  537.5167    0.2623
  455  536.6863    0.2617
  456  538.4223    0.2621
  457  538.3289    0.2628
  458  540.4263    0.2642
  459  540.1563    0.2642
  460  539.7270    0.2639
  461  540.3970    0.2642
  462  538.2908    0.2631
  463  540.7608    0.2640
  464  540.4736    0.2639
  465  541.3836    0.2644
  466  540.7411    0.2638
  467  541.8761    0.2648
  468  541.3506    0.2642
  469  540.6277    0.2641
  470  540.0885    0.2638
  471  539.5330    0.2627
  472  539.2420    0.2629
  473  540.0731    0.2633
  474  540.9348    0.2639
  475  541.1892    0.2639
  476  541.2017    0.2639
  477  540.6288    0.2636
  478  540.2700    0.2633
  479  541.6820    0.2639
  480  541.4803    0.2639
  481  539.2574    0.2628
  482  539.5599    0.2619
  483  539.9799    0.2624
  484  538.3972    0.2621
  485  538.2305    0.2614
  486  539.1553    0.2619
  487  537.7527    0.2621
  488  538.9143    0.2630
  489  539.0307    0.2633
  490  540.2309    0.2634
  491  540.3932    0.2635
  492  540.8864    0.2636
  493  540.1358    0.2632
  494  540.0783    0.2631
  495  540.6546    0.2637
  496  540.1165    0.2636
  497  541.4761    0.2646
  498  541.5914    0.2644
  499  541.8167    0.2648
  500  539.2645    0.2635
  501  540.6170    0.2640
  502  539.7737    0.2639
  503  542.6184    0.2654
  504  542.7480    0.2648
  505  541.7958    0.2646
  506  538.9750    0.2633
  507  538.1343    0.2628
  508  538.7406    0.2635
  509  539.3365    0.2643
  510  539.3079    0.2638
  511  538.1515    0.2629
  512  539.2884    0.2635
  513  539.1267    0.2636
  514  538.3784    0.2631
  515  540.9306    0.2642
  516  538.1544    0.2626
  517  536.7624    0.2613
  518  537.8366    0.2615
  519  540.3459    0.2626
  520  540.4734    0.2625
  521  539.1414    0.2624
  522  539.8617    0.2630
  523  540.8930    0.2635
  524  540.5046    0.2633
  525  541.5362    0.2639
  526  542.6061    0.2646
  527  541.8417    0.2636
  528  541.0116    0.2631
  529  541.3919    0.2636
  530  541.7345    0.2638
  531  540.4770    0.2636
  532  540.3331    0.2639
  533  539.9210    0.2634
  534  539.4132    0.2624
  535  540.2545    0.2635
  536  539.9613    0.2636
  537  539.4107    0.2631
  538  539.3603    0.2623
  539  538.1344    0.2624
  540  539.2477    0.2618
  541  538.9226    0.2623
  542  538.1082    0.2630
  543  538.0763    0.2627
  544  540.1015    0.2642
  545  539.5445    0.2638
  546  540.2897    0.2633
  547  538.1406    0.2626
  548  539.5213    0.2625
  549  540.0579    0.2631
  550  539.1516    0.2627
  551  539.0056    0.2626
  552  538.8445    0.2618
  553  542.2389    0.2637
  554  540.4999    0.2629
  555  539.4418    0.2620
  556  541.0252    0.2627
  557  540.8762    0.2628
  558  540.5790    0.2626
  559  540.6822    0.2637
  560  542.4340    0.2642
  561  540.6776    0.2637
  562  541.3886    0.2635
  563  539.4880    0.2629
  564  540.2497    0.2631
  565  539.0335    0.2623
  566  538.2779    0.2626
  567  538.7989    0.2630
  568  540.0081    0.2635
  569  539.7600    0.2625
  570  539.9099    0.2625
  571  539.7172    0.2624
  572  540.0728    0.2629
  573  540.7874    0.2631
  574  538.3664    0.2622
  575  537.8645    0.2620
  576  538.4089    0.2628
  577  538.5696    0.2623
  578  538.5960    0.2621
  579  539.0716    0.2623
  580  540.3622    0.2629
  581  539.2577    0.2630
  582  539.4253    0.2626
  583  540.0670    0.2627
  584  538.8760    0.2628
  585  538.4724    0.2624
  586  538.7466    0.2628
  587  538.5688    0.2619
  588  540.3067    0.2632
  589  538.9153    0.2628
  590  539.1550    0.2626
  591  541.5428    0.2639
  592  542.1844    0.2636
  593  542.4184    0.2640
  594  541.3374    0.2628
  595  542.6118    0.2646
  596  541.6381    0.2636
  597  539.7621    0.2630
  598  538.7546    0.2624
  599  539.7679    0.2629
  600  540.7760    0.2633
  601  537.9586    0.2618
  602  536.3009    0.2614
  603  538.4170    0.2617
  604  538.5226    0.2626
  605  539.7384    0.2626
  606  539.7060    0.2630
  607  538.1910    0.2627
  608  539.3571    0.2635
  609  538.8706    0.2623
  610  539.8099    0.2620
  611  538.7032    0.2615
  612  538.8278    0.2620
  613  540.9805    0.2628
  614  541.3563    0.2634
  615  540.6296    0.2634
  616  540.5926    0.2638
  617  539.8240    0.2633
  618  540.3978    0.2634
  619  541.8287    0.2641
  620  539.4648    0.2623
  621  540.1171    0.2633
  622  540.7007    0.2633
  623  539.5714    0.2624
  624  539.3982    0.2621
  625  538.4993    0.2628
  626  539.6321    0.2634
  627  540.3392    0.2636
  628  542.4856    0.2648
  629  541.5025    0.2648
  630  540.7824    0.2635
  631  542.2678    0.2646
  632  540.3271    0.2636
  633  539.8195    0.2633
  634  540.4257    0.2638
  635  541.1046    0.2634
  636  541.9810    0.2647
  637  540.8500    0.2636
  638  540.7819    0.2631
  639  539.2909    0.2627
  640  540.4011    0.2627
  641  540.9318    0.2637
  642  539.5695    0.2630
  643  539.1312    0.2626
  644  540.6798    0.2637
  645  539.8020    0.2630
  646  539.8275    0.2639
  647  541.3710    0.2651
  648  541.8243    0.2652
  649  540.7514    0.2636
  650  539.9340    0.2633
  651  540.7594    0.2635
  652  540.7465    0.2634
  653  539.6076    0.2627
  654  540.9175    0.2635
  655  538.9488    0.2627
  656  540.8284    0.2634
  657  540.3559    0.2631
  658  540.1849    0.2625
  659  540.6126    0.2630
  660  541.0248    0.2636
  661  540.5418    0.2634
  662  540.2773    0.2632
  663  542.2234    0.2635
  664  543.3080    0.2647
  665  542.6811    0.2638
  666  542.8555    0.2646
  667  542.2326    0.2649
  668  541.2779    0.2647
  669  542.8325    0.2649
  670  542.7230    0.2649
  671  543.6607    0.2655
  672  538.5318    0.2627
  673  537.0179    0.2617
  674  537.1369    0.2617
  675  538.0306    0.2616
  676  538.5358    0.2620
  677  537.5804    0.2619
  678  538.7675    0.2624
  679  540.7803    0.2634
  680  539.9683    0.2631
  681  540.1305    0.2636
  682  540.2406    0.2629
  683  538.8778    0.2624
  684  538.9290    0.2630
  685  538.3241    0.2622
  686  538.2360    0.2622
  687  538.4723    0.2619
  688  538.7084    0.2620
  689  539.5726    0.2623
  690  540.7801    0.2625
  691  541.3225    0.2628
  692  540.4605    0.2626
  693  540.2794    0.2631
  694  539.4038    0.2629
  695  540.8118    0.2630
  696  539.4971    0.2631
  697  540.5438    0.2637
  698  538.8765    0.2627
  699  537.3415    0.2614
  700  538.9510    0.2625
  701  539.9513    0.2625
  702  539.2414    0.2623
  703  541.4506    0.2637
  704  540.1925    0.2628
  705  539.7342    0.2631
  706  539.4904    0.2625
  707  537.9398    0.2620
  708  538.2309    0.2621
  709  538.0022    0.2616
  710  537.5502    0.2621
  711  538.3770    0.2623
  712  539.8214    0.2632
  713  539.4107    0.2631
  714  538.5586    0.2626
  715  539.5586    0.2637
  716  539.5157    0.2634
  717  539.5282    0.2636
  718  539.8477    0.2633
  719  539.7201    0.2629
  720  539.9823    0.2628
  721  541.2315    0.2632
  722  539.1718    0.2627
  723  539.4241    0.2634
  724  541.1601    0.2641
  725  541.5115    0.2639
  726  542.8212    0.2647
  727  541.8303    0.2636
  728  540.8599    0.2632
  729  539.9017    0.2626
  730  540.9569    0.2633
  731  538.2972    0.2616
  732  538.7574    0.2624
  733  539.6405    0.2632
  734  539.2614    0.2630
  735  539.5427    0.2626
  736  541.5447    0.2640
  737  539.8935    0.2633
  738  541.0158    0.2633
  739  542.1282    0.2648
  740  542.7843    0.2644
  741  543.8604    0.2652
  742  542.0904    0.2641
  743  542.0661    0.2635
  744  540.6508    0.2626
  745  540.9830    0.2630
  746  541.0623    0.2634
  747  540.7307    0.2628
  748  539.9713    0.2624
  749  539.3334    0.2623
  750  541.9338    0.2643
  751  541.2371    0.2638
  752  542.5060    0.2650
  753  541.7629    0.2645
  754  542.0023    0.2644
  755  542.0836    0.2642
  756  541.5310    0.2652
  757  541.9502    0.2653
  758  540.5296    0.2644
  759  540.0464    0.2635
  760  540.7718    0.2638
  761  542.4982    0.2644
  762  542.1554    0.2639
  763  541.4401    0.2634
  764  540.0853    0.2628
  765  540.5340    0.2628
  766  539.7100    0.2627
  767  539.4658    0.2629
  768  538.8768    0.2622
  769  541.7184    0.2644
  770  540.9084    0.2635
  771  542.3650    0.2645
  772  539.0558    0.2629
  773  539.7437    0.2634
  774  541.2730    0.2637
  775  539.9689    0.2634
  776  540.3464    0.2634
  777  540.8807    0.2642
  778  540.8281    0.2637
  779  537.7707    0.2618
  780  538.5033    0.2617
  781  538.2530    0.2621
  782  538.2390    0.2625
  783  538.4308    0.2618
  784  541.1132    0.2631
  785  539.9059    0.2633
  786  539.0739    0.2631
  787  538.7788    0.2627
  788  540.4750    0.2634
  789  541.2815    0.2639
  790  540.4645    0.2638
  791  541.7091    0.2653
  792  543.0664    0.2653
  793  542.5785    0.2650
  794  542.6776    0.2649
  795  540.2625    0.2634
  796  540.5928    0.2632
  797  540.8322    0.2640
  798  540.6432    0.2629
  799  539.3721    0.2625
  800  540.2992    0.2634
  801  540.4745    0.2640
  802  540.0245    0.2647
  803  540.6212    0.2646
  804  540.8802    0.2646
  805  539.2870    0.2637
  806  540.6444    0.2644
  807  540.5646    0.2642
  808  541.2427    0.2640
  809  539.8754    0.2630
  810  538.8852    0.2625
  811  539.1521    0.2621
  812  540.3802    0.2628
  813  540.3139    0.2628
  814  539.8624    0.2627
  815  540.0331    0.2627
  816  539.9123    0.2629
  817  540.8551    0.2633
  818  541.6093    0.2643
  819  542.7220    0.2646
  820  542.2752    0.2638
  821  539.5642    0.2623
  822  538.8809    0.2623
  823  538.6948    0.2620
  824  541.6751    0.2634
  825  540.6834    0.2625
  826  538.9160    0.2629
  827  537.6129    0.2623
  828  538.6330    0.2624
  829  539.7479    0.2637
  830  538.2465    0.2634
  831  539.2827    0.2635
  832  539.0511    0.2633
  833  541.5159    0.2642
  834  540.9367    0.2633
  835  541.5956    0.2640
  836  541.0184    0.2634
  837  540.4142    0.2635
  838  539.6292    0.2626
  839  540.0770    0.2638
  840  541.6053    0.2644
  841  540.9735    0.2639
  842  540.1735    0.2639
  843  539.2785    0.2631
  844  541.0492    0.2637
  845  541.3299    0.2635
  846  539.7707    0.2627
  847  539.5984    0.2627
  848  541.2578    0.2637
  849  540.7403    0.2636
  850  540.5776    0.2637
  851  541.0850    0.2642
  852  540.8799    0.2640
  853  539.3257    0.2631
  854  539.5997    0.2633
  855  540.2203    0.2638
  856  538.9758    0.2630
  857  538.6636    0.2624
  858  539.5661    0.2625
  859  540.7996    0.2630
  860  540.8737    0.2634
  861  542.3184    0.2641
  862  541.6388    0.2636
  863  541.7405    0.2638
  864  540.8320    0.2623
  865  539.9835    0.2627
  866  540.0628    0.2629
  867  539.0872    0.2621
  868  538.5084    0.2626
  869  539.7584    0.2633
  870  539.3185    0.2631
  871  540.4389    0.2637
  872  540.1973    0.2634
  873  539.8521    0.2623
  874  541.4587    0.2630
  875  542.7863    0.2636
  876  543.3749    0.2643
  877  544.5645    0.2645
  878  542.1588    0.2633
  879  541.7463    0.2628
  880  541.4107    0.2626
  881  540.4519    0.2625
  882  540.1496    0.2617
  883  539.8995    0.2614
  884  539.9741    0.2617
  885  538.4447    0.2615
  886  538.0973    0.2616
  887  540.2132    0.2624
  888  538.5944    0.2620
  889  538.8587    0.2622
  890  537.6243    0.2614
  891  536.7475    0.2610
  892  536.3298    0.2605
  893  538.6976    0.2618
  894  537.9710    0.2619
  895  539.3682    0.2620
  896  540.7364    0.2638
  897  540.2276    0.2632
  898  538.2789    0.2636
  899  539.0159    0.2640
  900  539.6691    0.2638
  901  540.9282    0.2646
  902  539.7554    0.2640
  903  539.3287    0.2638
  904  540.2859    0.2634
  905  539.6684    0.2630
  906  540.5581    0.2638
  907  541.0932    0.2641
  908  541.2554    0.2643
  909  540.9188    0.2641
  910  541.9887    0.2645
  911  542.2469    0.2644
  912  542.2994    0.2645
  913  541.1011    0.2632
  914  541.3440    0.2635
  915  541.5258    0.2637
  916  540.2624    0.2642
  917  539.8525    0.2634
  918  539.2954    0.2627
  919  538.8569    0.2626
  920  539.9041    0.2627
  921  541.2965    0.2629
  922  541.4219    0.2628
  923  541.2161    0.2632
  924  538.8584    0.2621
  925  540.0880    0.2626
  926  537.8612    0.2624
  927  537.1089    0.2622
  928  539.0621    0.2623
  929  540.2482    0.2633
  930  539.0801    0.2626
  931  537.4010    0.2624
  932  537.4377    0.2624
  933  537.5483    0.2627
  934  539.0185    0.2635
  935  540.0224    0.2642
  936  538.8064    0.2636
  937  540.1183    0.2643
  938  541.1194    0.2643
  939  542.1616    0.2648
  940  540.6908    0.2637
  941  541.4276    0.2642
  942  542.9854    0.2648
  943  541.9251    0.2639
  944  540.4902    0.2633
  945  539.6312    0.2620
  946  539.6956    0.2628
  947  539.4115    0.2624
  948  538.7966    0.2629
  949  539.0533    0.2631
  950  540.1381    0.2626
  951  541.8866    0.2641
  952  541.6137    0.2639
  953  540.6897    0.2634
  954  538.9885    0.2627
  955  539.5298    0.2623
  956  538.7411    0.2621
  957  539.6362    0.2629
  958  538.8815    0.2629
  959  541.5634    0.2644
  960  539.9326    0.2626
  961  539.4734    0.2621
  962  537.6785    0.2614
  963  537.5074    0.2618
  964  539.7587    0.2635
  965  539.5382    0.2637
  966  540.1887    0.2640
  967  539.5941    0.2636
  968  541.5762    0.2639
  969  541.7467    0.2642
  970  539.5713    0.2635
  971  538.7677    0.2628
  972  540.9053    0.2633
  973  539.9822    0.2633
  974  540.0004    0.2631
  975  541.1809    0.2637
  976  540.2748    0.2628
  977  540.1481    0.2636
  978  537.8853    0.2625
  979  539.2559    0.2631
  980  540.6322    0.2630
  981  539.0334    0.2623
  982  539.5001    0.2626
  983  539.5805    0.2633
  984  539.3153    0.2636
  985  538.8671    0.2633
  986  538.4625    0.2621
  987  538.7285    0.2619
  988  537.8495    0.2619
  989  540.0269    0.2630
  990  538.7947    0.2629
  991  538.4957    0.2622
  992  539.3776    0.2626
  993  538.8691    0.2623
  994  539.7120    0.2628
  995  541.1639    0.2640
  996  540.2610    0.2626
  997  540.0849    0.2630
  998  540.5246    0.2629
  999  540.2801    0.2634
 1000  538.4326    0.2628
